
TP par: Fortas Mohammed Abdeldjalil Mokhtar



Le résultat est:

           Prof Radio Tel. Quot.Nat. Quot.Reg. Press.Mag. Press.TV total
1   Agriculteur    96  118         2        71         50       17   354
2    Petit.Patr   122  136        11        76         49       41   435
3      Prof.Cad   193  184        74        63        103       79   696
4     Prof.Int.   360  365        63       145        141      184  1258
5       Employe   511  593        57       217        172      306  1856
6  Ouvr.Qualif.   385  457        42       174        104      220  1382
7 Ouvr.Non-Qual   156  185         8        69         42       85   545
8       Inactif  1474 1931       181       852        642      782  5862
9          <NA>  3297 3969       438      1667       1303     1714 12388


Profile ligne:

           Prof     Radio      Tel.   Quot.Nat.  Quot.Reg. Press.Mag.   Press.TV total
1   Agriculteur 0.2711864 0.3333333 0.005649718 0.20056497 0.14124294 0.04802260     1
2    Petit.Patr 0.2804598 0.3126437 0.025287356 0.17471264 0.11264368 0.09425287     1
3      Prof.Cad 0.2772989 0.2643678 0.106321839 0.09051724 0.14798851 0.11350575     1
4     Prof.Int. 0.2861685 0.2901431 0.050079491 0.11526232 0.11208267 0.14626391     1
5       Employe 0.2753233 0.3195043 0.030711207 0.11691810 0.09267241 0.16487069     1
6  Ouvr.Qualif. 0.2785818 0.3306802 0.030390738 0.12590449 0.07525326 0.15918958     1
7 Ouvr.Non-Qual 0.2862385 0.3394495 0.014678899 0.12660550 0.07706422 0.15596330     1
8       Inactif 0.2514500 0.3294098 0.030876834 0.14534289 0.10951894 0.13340157     1


Profile colonne:

           Prof      Radio       Tel.  Quot.Nat.  Quot.Reg. Press.Mag.   Press.TV
1   Agriculteur 0.02911738 0.02973041 0.00456621 0.04259148 0.03837299 0.00991832
2    Petit.Patr 0.03700334 0.03426556 0.02511416 0.04559088 0.03760553 0.02392065
3      Prof.Cad 0.05853806 0.04635928 0.16894977 0.03779244 0.07904835 0.04609102
4     Prof.Int. 0.10919017 0.09196271 0.14383562 0.08698260 0.10821182 0.10735123
5       Employe 0.15498938 0.14940791 0.13013699 0.13017397 0.13200307 0.17852975
6  Ouvr.Qualif. 0.11677282 0.11514235 0.09589041 0.10437912 0.07981581 0.12835473
7 Ouvr.Non-Qual 0.04731574 0.04661124 0.01826484 0.04139172 0.03223331 0.04959160
8       Inactif 0.44707310 0.48652053 0.41324201 0.51109778 0.49270913 0.45624271
9          <NA> 1.00000000 1.00000000 1.00000000 1.00000000 1.00000000 1.00000000


Effectif calculé

           Prof      Radio      Tel. Quot.Nat. Quot.Reg. Press.Mag.  Press.TV
1   Agriculteur   94.21521  113.4183  12.51631  47.63626   37.23458  48.97933
2    Petit.Patr  115.77293  139.3700  15.38021  58.53608   45.75436  60.18647
3      Prof.Cad  185.23668  222.9919  24.60833  93.65773   73.20697  96.29835
4     Prof.Int.  334.80998  403.0515  44.47885 169.28366  132.31950 174.05651
5       Employe  493.96448  594.6451  65.62222 249.75396  195.21860 256.79561
6  Ouvr.Qualif.  367.81191  442.7799  48.86309 185.96981  145.36212 191.21311
7 Ouvr.Non-Qual  145.04884  174.6129  19.26945  73.33831   57.32443  75.40604
8       Inactif 1560.13997 1878.1303 207.26154 788.82418  616.57943 811.06458


Khi2:
[1] 275.9953
